10      1       750     75
-1      10      750     75
-1      15      750     75
-3      15      750     75
-3      20      750     75
-20     -3      750     75
-20     -4      750     75
-4      20      750     75
-4      16      750     75
-2      16      750     75
-3      16      750     75
-3      16      450     1675
3       -16     450     1675
0       -16     450     1675
0       -15     450     1675
0       15      450     1675
-1      15      450     1675
-1      11      450     1675
-11     -1      450     1675
-11     -5      450     1675
-11     -5      197     1560
-9      -5      197     1560
-9      -5      44      1475
-9      0       44      1475
0       9       44      1475
0       9       44      2222
2       9       44      2222
2       9       112     2528
5       9       112     2528
5       5       112     2528
5       5       207     2623
1       5       207     2623
-5      1       207     2623
-7      1       207     2623
-1      -7      207     2623
1       -7      207     2623
1       -7      286     2070
7       1       286     2070
7       1       846     2150
7       2       846     2150
2       -7      846     2150
2       -7      916     1905
7       2       916     1905
7       7       916     1905
10      7       916     1905
10      2       916     1905
2       -10     916     1905
2       -10     1058    1195
2       -9      1058    1195
2       -9      1096    1024